INPUT:
[[0.25415999999999883, 0.49869518518518535, 0.21666666666666667, 0.7402777777777778],
[0.2535980000000023, 0.4864785185185187, 0.21666666666666667, 0.7391666666666667],
[0.2530608000000001, 0.47435, 0.22, 0.7430555555555556],
[0.2524151999999987, 0.46220481481481457, 0.22333333333333333, 0.7347222222222223],
[0.25188480004225366, 0.44982744106762174, 0.22636363636363638, 0.7391414141414142],
[0.25144879999999714, 0.43734703703703665, 0.22333333333333333, 0.7422222222222222],
[0.2512096000460133, 0.42506251851365795, 0.22333333333333333, 0.7455277777777778],
[0.2508936000546839, 0.41267348764846307, 0.22, 0.7440740740740741],
[0.2506212000000033, 0.4001988888888889, 0.22333333333333333, 0.7447222222222223],
[0.25016880000000014, 0.38793888888888906, 0.22, 0.7380555555555556],
[0.24963600003631542, 0.37582383837473604, 0.21, 0.7385353535353535],
[0.24916053337696836, 0.3647249999912817, 0.19666666666666668, 0.7413888888888889],
[0.24866152730684518, 0.35360589224787425, 0.2033333333333333, 0.7388131313131314],
[0.24830519999999864, 0.3426325925925926, 0.19333333333333333, 0.7463888888888889],
[0.24830090003920305, 0.332237438272845, 0.18666666666666665, 0.751412037037037],
[0.24829509093440832, 0.322290168341534, 0.17333333333333334, 0.733131313131313],
[0.2461687999999981, 0.3133270370370353, 0.18333333333333332, 0.6847222222222222],
[0.24364199999999697, 0.30367222222222096, 0.19333333333333333, 0.6872222222222223]]
OUTPUT:
[[0.23778418185236488, 0.2828199662750893, 0.22333333333333333, 0.6794949494949495],
[0.23463279999999997, 0.27126555555555426, 0.22666666666666666, 0.6838888888888889],
[0.23087080004297036, 0.2599264982375353, 0.23666666666666666, 0.6674747474747476],
[0.22682719999999962, 0.24854740740740733, 0.23, 0.6661111111111111],
[0.22308861822049267, 0.23789006727711468, 0.21666666666666667, 0.6758838383838385],
[0.2212573454843806, 0.2272381144766194, 0.19, 0.7469191919191919],
[0.22115652002953254, 0.2168622222195058, 0.18000000000000002, 0.7463611111111111],
[0.22098200000000076, 0.20685444444444404, 0.18333333333333332, 0.7427777777777778],
[0.2208587999999992, 0.1968122222222221, 0.17666666666666667, 0.755],
[0.22061589094945475, 0.18705478113651963, 0.18000000000000002, 0.7410858585858586],
[0.22021680000000005, 0.17707111111111057, 0.17666666666666667, 0.7491666666666666],
[0.22015519999999925, 0.1668740740740739, 0.18666666666666665, 0.7502777777777778],
[0.22007519999999942, 0.15640629629629582, 0.19333333333333333, 0.7497222222222222],
[0.2202451999999994, 0.14591555555555552, 0.18666666666666665, 0.785],
[0.22199989093768976, 0.13602518521226253, 0.19333333333333333, 0.7922979797979797],
[0.22381080000000111, 0.1255474074074071, 0.19, 0.7947222222222223],
[0.22553600003216728, 0.11504538723527692, 0.2033333333333333, 0.7930050505050505],
[0.22742719999999964, 0.10428518518518468, 0.2, 0.7949999999999999]]