[[0.2245582544750442, 0.24778077443201535, 0.25, 0.20083333333333334],
[0.22629770895009236, 0.2617437710862546, 0.24333333333333332, 0.20083333333333334],
[0.22803716342514052, 0.2757067677404939, 0.23666666666666666, 0.20083333333333334],
[0.22977661790018868, 0.2896697643947332, 0.23, 0.20083333333333334],
[0.23151607237523684, 0.3036327610489725, 0.22333333333333333, 0.20083333333333334],
[0.233255526850285, 0.3175957577032118, 0.21666666666666667, 0.20083333333333334],
[0.23499498132533316, 0.3315587543574511, 0.21, 0.20083333333333334],
[0.23673443580038132, 0.3455217510116904, 0.20333333333333334, 0.20083333333333334],
[0.23847389027542948, 0.3594847476659297, 0.19666666666666666, 0.20083333333333334],
[0.24021334475047764, 0.373447744320169, 0.19, 0.20083333333333334],
[0.2419527992255258, 0.3874107409744083, 0.18333333333333332, 0.20083333333333334],
[0.24369225370057396, 0.4013737376286476, 0.17666666666666667, 0.20083333333333334],
[0.24543170817562212, 0.4153367342828869, 0.17, 0.20083333333333334],
[0.24717116265067028, 0.4292997309371262, 0.16333333333333333, 0.20083333333333334],
[0.24891061712571844, 0.4432627275913655, 0.15666666666666668, 0.20083333333333334],
[0.2506500716007666, 0.4572257242456048, 0.15, 0.20083333333333334],
[0.25238952607581476, 0.471188720, 0, 0]]