INPUT:
[[0.0864908  0.8636174  0.35333332 0.15555556]
 [0.0954706  0.87780917 0.34833333 0.06319445]
 [0.106468   0.88438815 0.39333335 0.05277778]
 [0.119764   0.8922796  0.44       0.05833333]
 [0.13437293 0.89518064 0.46333334 0.9925926 ]
 [0.14970186 0.8972486  0.46666667 0.08055556]
 [0.16412944 0.9062313  0.46333334 0.9577778 ]
 [0.17896937 0.8973177  0.4842857  0.93333334]
 [0.1937748  0.88764447 0.47666666 0.95      ]
 [0.20894307 0.87962294 0.48       0.9537037 ]
 [0.22384395 0.87064415 0.47666666 0.89285713]
 [0.23524587 0.8514789  0.49333334 0.875     ]
 [0.24669714 0.8322804  0.48333332 0.8686508 ]
 [0.2565022  0.81144065 0.47666666 0.84166664]
 [0.2648536  0.789767   0.454      0.84166664]
 [0.2719173  0.76927584 0.4125     0.7972222 ]
 [0.27563545 0.74729425 0.4        0.78055555]
 [0.2760369  0.7250182  0.42       0.7463889 ]]
OUTPUT:
[[0.27583644 0.7013057  0.43212122 0.7489899 ]
 [0.27599618 0.6772128  0.43666667 0.754798  ]
 [0.2760582  0.6530059  0.43666667 0.7416667 ]
 [0.2744008  0.6289441  0.43222222 0.68796295]
 [0.26899737 0.60642636 0.44333333 0.69382715]
 [0.2647692  0.5832648  0.43666667 0.7083333 ]
 [0.26154256 0.559532   0.44433334 0.71944445]
 [0.25770494 0.5357985  0.44666666 0.704798  ]
 [0.25376603 0.51222646 0.44566667 0.71944445]
 [0.25240865 0.4873837  0.45555556 0.73888886]
 [0.25146332 0.46229443 0.4561111  0.7412037 ]
 [0.2507536  0.43695316 0.46333334 0.74444443]
 [0.250009   0.41129258 0.46666667 0.7416667 ]
 [0.24923058 0.3857308  0.46666667 0.7416667 ]
 [0.2484716  0.36047876 0.45666668 0.74722224]
 [0.24800175 0.3354724  0.45666668 0.74444443]
 [0.2426124  0.31341216 0.45333335 0.64166665]
 [0.22941014 0.30180013 0.46333334 0.5767677 ]
 [0.2159132  0.28937888 0.46333334 0.58055556]
 [0.20229053 0.27707562 0.45666668 0.5773148 ]
 [0.18922411 0.26537392 0.45333335 0.5780303 ]
 [0.1773012  0.24998519 0.46       0.6111111 ]
 [0.1654896  0.23389901 0.46333334 0.6111111 ]
 [0.15361215 0.2181993  0.45666668 0.60782826]
 [0.141933   0.20201018 0.47       0.61388886]
 [0.12958466 0.18799084 0.44333333 0.5217172 ]
 [0.11407506 0.18645778 0.47333333 0.5101852 ]
 [0.09820072 0.18435778 0.49       0.5222222 ]
 [0.08215854 0.18086198 0.47444445 0.525     ]
 [0.06678133 0.17664778 0.46333334 0.5277778 ]
 [0.0519884  0.17910358 0.46666667 0.44444445]
 [0.03732632 0.18826474 0.482      0.44166666]
 [0.0224708  0.19775024 0.48333332 0.44074073]
 [0.00774594 0.20713736 0.46666667 0.43611112]]