INPUT:
[[5.9999998e-05 8.3654445e-01 2.8999999e-01 1.7805555e-01]
 [4.2750668e-03 8.5123163e-01 3.0666667e-01 1.7717592e-01]
 [9.1814799e-03 8.6634046e-01 3.1999999e-01 1.7180556e-01]
 [1.4403200e-02 8.8157779e-01 3.2333332e-01 1.7083333e-01]
 [2.1725999e-02 8.9137149e-01 3.1666666e-01 9.9555558e-01]
 [3.2815199e-02 8.9002705e-01 3.4999999e-01 9.8777777e-01]
 [4.4750948e-02 8.8844734e-01 3.6524633e-01 9.8802412e-01]
 [5.7002656e-02 8.8712388e-01 3.6666667e-01 9.9058080e-01]
 [6.8733200e-02 8.8577592e-01 3.4333333e-01 9.9027777e-01]
 [8.0321997e-02 8.8434815e-01 3.5666665e-01 9.8666668e-01]
 [9.2137456e-02 8.8729376e-01 3.6666667e-01 2.6060605e-02]
 [1.0408074e-01 8.9066869e-01 3.6000001e-01 2.5810186e-02]
 [1.1536843e-01 8.9358878e-01 3.3000001e-01 2.2146465e-02]
 [1.2596799e-01 8.9624816e-01 3.1999999e-01 2.0277778e-02]
 [1.3688804e-01 8.9881319e-01 3.4000000e-01 2.1861112e-02]
 [1.4808500e-01 9.0149367e-01 3.3666667e-01 1.7407408e-02]
 [1.5919919e-01 9.0411776e-01 3.4000000e-01 2.1388888e-02]
 [1.6985600e-01 9.0174556e-01 3.4333333e-01 9.3777776e-01]]
OUTPUT:
[[0.18046634 0.89420927 0.35       0.93766207]
 [0.1909788  0.8874826  0.33333334 0.9475    ]
 [0.20139325 0.88244647 0.32666665 0.95975   ]
 [0.21199916 0.8778629  0.33666667 0.96166664]
 [0.2226688  0.87164325 0.32916668 0.87798613]
 [0.2309672  0.8574696  0.37333333 0.86777776]
 [0.23979425 0.84239537 0.38666666 0.87204546]
 [0.2490528  0.82701296 0.39666668 0.87222224]
 [0.2572348  0.81047887 0.38       0.85055554]
 [0.2640788  0.79411966 0.32       0.8411111 ]
 [0.26947117 0.78026277 0.29       0.8406818 ]
 [0.2751872  0.766763   0.30333334 0.8513889 ]
 [0.2812532  0.75336254 0.29666665 0.8540556 ]
 [0.2870792  0.7403582  0.29333332 0.8486111 ]
 [0.292652   0.72736555 0.28333333 0.8477778 ]
 [0.297904   0.7143711  0.28333333 0.8413889 ]
 [0.303144   0.7012111  0.28666666 0.8463889 ]
 [0.3087028  0.6879678  0.29666665 0.8486111 ]
 [0.3145     0.67459553 0.3        0.8497222 ]
 [0.3205208  0.66088146 0.31       0.8513889 ]
 [0.3265668  0.64684445 0.31666666 0.8475    ]
 [0.3325532  0.6323185  0.32       0.8447222 ]
 [0.33873653 0.61778283 0.31666666 0.84844905]
 [0.344862   0.60361964 0.31333333 0.84833336]
 [0.351      0.5897493  0.31       0.85      ]
 [0.356886   0.57580703 0.29083332 0.80354166]
 [0.3590429  0.5595596  0.30333334 0.78712124]
 [0.36122712 0.543022   0.30366668 0.78458333]
 [0.36338824 0.5265431  0.3        0.7860101 ]
 [0.36388943 0.5101302  0.3        0.7555324 ]
 [0.36427137 0.49350291 0.3        0.7569192 ]
 [0.36470205 0.47692096 0.3        0.7570278 ]
 [0.3651322  0.46015766 0.30333334 0.7541389 ]
 [0.3655148  0.4434474  0.3        0.76361114]
 [0.36586767 0.426874   0.29666665 0.7590741 ]
 [0.3662828  0.41035742 0.29666665 0.7563889 ]
 [0.36681107 0.3939458  0.29333332 0.7596667 ]
 [0.3673988  0.3776563  0.29333332 0.7588889 ]
 [0.367842   0.36144704 0.29666665 0.7588889 ]
 [0.3683691  0.34491608 0.30030304 0.76012623]
 [0.36884347 0.32813483 0.3        0.7585101 ]
 [0.36932003 0.3116876  0.29666665 0.75741667]
 [0.36969918 0.29515308 0.3        0.75546294]
 [0.37014848 0.27867815 0.29       0.75688887]
 [0.370516   0.26335025 0.26333332 0.7511111 ]]