INPUT:
[[0.366254   0.24535482 0.33       0.4211111 ]
 [0.35594904 0.25066993 0.32333332 0.4754722 ]
 [0.345299   0.2532564  0.32333332 0.47848484]
 [0.33450767 0.25596297 0.33333334 0.47805557]
 [0.32335532 0.25856754 0.34       0.4719697 ]
 [0.31211612 0.2619177  0.34333333 0.4705    ]
 [0.30081433 0.26520538 0.3439394  0.4755303 ]
 [0.2895294  0.26838148 0.34296295 0.47391975]
 [0.2784252  0.27161372 0.34       0.47416666]
 [0.2677316  0.27408797 0.32       0.48327777]
 [0.2569973  0.2763733  0.3262963  0.48074073]
 [0.24674527 0.27895936 0.30666667 0.4775505 ]
 [0.23651    0.28157297 0.31666666 0.4761111 ]
 [0.22627184 0.28151536 0.31333333 0.5482778 ]
 [0.21629876 0.2762266  0.31333333 0.5478535 ]
 [0.20617825 0.2707601  0.32333332 0.55457073]
 [0.1961568  0.26493075 0.32       0.555     ]
 [0.18619666 0.25927067 0.31727272 0.5491667 ]]
OUTPUT:
[[0.1771904  0.250299   0.32666665 0.6047222 ]
 [0.16878912 0.23882586 0.32333332 0.6116111 ]
 [0.1606844  0.22768593 0.31666666 0.60966665]
 [0.15259981 0.21683821 0.30666667 0.60992426]
 [0.1448804  0.20586422 0.30666667 0.6122778 ]
 [0.1370972  0.19517222 0.30666667 0.61138886]
 [0.1289368  0.18622333 0.31       0.49825758]
 [0.11837    0.18594444 0.32333332 0.5044444 ]
 [0.10743608 0.18514344 0.33666667 0.5055808 ]
 [0.0958332  0.1837863  0.35666665 0.5225    ]
 [0.084044   0.18094444 0.35666665 0.52416664]
 [0.07244531 0.17790198 0.34666666 0.5275    ]
 [0.06133109 0.17472784 0.33333334 0.5274495 ]
 [0.05069396 0.17888704 0.34333333 0.44075   ]
 [0.04003    0.18555185 0.34333333 0.4422222 ]
 [0.0293092  0.19232148 0.35333332 0.4377778 ]
 [0.0184668  0.19957593 0.35666665 0.43694445]
 [0.00765    0.20706926 0.33666667 0.43583333]]