INPUT:
[[8.8554001e-01 1.8518518e-05 3.7666667e-01 1.7861111e-01]
 [8.9022678e-01 2.0530742e-02 3.8000000e-01 1.9111112e-01]
 [8.9505321e-01 4.1185185e-02 4.1333333e-01 1.8638889e-01]
 [9.0072680e-01 6.4345554e-02 4.3666667e-01 1.8611111e-01]
 [9.0626001e-01 8.7561853e-02 4.3333334e-01 1.9472222e-01]
 [9.1045082e-01 1.1168643e-01 4.4000000e-01 2.3328283e-01]
 [9.1042000e-01 1.3703704e-01 4.4000000e-01 2.6111111e-01]
 [9.0827322e-01 1.6158630e-01 4.1333333e-01 3.1166667e-01]
 [9.0147322e-01 1.8054333e-01 3.7000000e-01 3.4361112e-01]
 [8.9368677e-01 1.9700000e-01 3.7000000e-01 3.6500001e-01]
 [8.8517857e-01 2.1299578e-01 3.7666667e-01 3.6697221e-01]
 [8.7684047e-01 2.2934690e-01 3.8060606e-01 3.6179292e-01]
 [8.6842144e-01 2.4549259e-01 3.7666667e-01 3.7327778e-01]
 [8.5982001e-01 2.6078406e-01 3.6666667e-01 3.7472221e-01]
 [8.5097998e-01 2.7555555e-01 3.6666667e-01 3.8166666e-01]
 [8.4232605e-01 2.9075545e-01 3.7666667e-01 3.6712122e-01]
 [8.3407277e-01 3.0675462e-01 3.6666667e-01 3.6342594e-01]
 [8.2574677e-01 3.2281482e-01 3.7666667e-01 3.6861110e-01]]
OUTPUT:
[[0.81741273 0.33884624 0.37030303 0.36765152]
 [0.8094     0.3548085  0.36333334 0.3575    ]
 [0.8017346  0.37079787 0.35333332 0.35866162]
 [0.79392725 0.38615546 0.35636362 0.36330807]
 [0.7847068  0.39887038 0.35333332 0.4161111 ]
 [0.7744668  0.40843815 0.34666666 0.43833333]
 [0.7636132  0.41643223 0.36       0.435     ]
 [0.7525454  0.42377234 0.35       0.443     ]
 [0.7414068  0.43053705 0.35666665 0.44777778]
 [0.73004544 0.43727222 0.36633334 0.44725   ]
 [0.7185332  0.4442963  0.36666667 0.44416666]
 [0.7071468  0.45167014 0.36333334 0.43868688]
 [0.6958068  0.45938888 0.36333334 0.4397222 ]
 [0.6842     0.46611112 0.36333334 0.45222223]
 [0.6726744  0.47239384 0.36       0.4464899 ]
 [0.6614532  0.47893816 0.35333332 0.44666666]
 [0.6502515  0.48572314 0.35666665 0.4474074 ]
 [0.6392868  0.49313086 0.34969696 0.4379293 ]
 [0.628617   0.5003597  0.33666667 0.44838384]
 [0.61812    0.5071048  0.34       0.44333333]
 [0.6073868  0.51394445 0.34666666 0.44416666]
 [0.5963298  0.5205899  0.34969696 0.44772726]
 [0.58523816 0.5273158  0.35333332 0.44535354]
 [0.57412    0.534      0.35       0.45083332]
 [0.563135   0.540561   0.34636363 0.44262627]
 [0.55232    0.5470863  0.35666665 0.44361112]
 [0.5408498  0.55384403 0.35696968 0.44752526]
 [0.5293532  0.5605864  0.367      0.4448889 ]
 [0.51778    0.5675989  0.37       0.44194445]
 [0.5061556  0.5749753  0.37363636 0.43815657]
 [0.494178   0.57894063 0.357      0.48741665]
 [0.48218745 0.5800816  0.35666665 0.49244446]
 [0.47024    0.5808333  0.36       0.49472222]
 [0.45822    0.5814011  0.36333334 0.49722221]
 [0.4461468  0.58177775 0.36333334 0.49694446]
 [0.4339732  0.5816482  0.36666667 0.50805557]
 [0.4217     0.5807963  0.36333334 0.50777775]
 [0.40946    0.58003706 0.36666667 0.505     ]
 [0.39738    0.58075297 0.36       0.48805556]
 [0.38534862 0.5820202  0.36       0.49232322]
 [0.3734     0.5830122  0.35666665 0.49194443]
 [0.3615268  0.5835556  0.35333332 0.49166667]
 [0.3500012  0.5819126  0.34333333 0.51108587]
 [0.33823588 0.58196926 0.35       0.5018611 ]
 [0.32658625 0.58150154 0.35       0.50511575]
 [0.3147468  0.5806974  0.36       0.5063889 ]
 [0.3028     0.5798576  0.36       0.50406563]
 [0.2907468  0.5790139  0.36       0.5074747 ]
 [0.2787088  0.57806057 0.35666665 0.5072778 ]
 [0.2668382  0.57751685 0.35333332 0.50555557]
 [0.25492    0.5767037  0.35666665 0.5088889 ]
 [0.24305433 0.57549214 0.34333333 0.5059954 ]
 [0.23146062 0.57467073 0.3530303  0.5103283 ]
 [0.21975937 0.5742356  0.35       0.502601  ]
 [0.2081332  0.5734937  0.34333333 0.5075    ]
 [0.1972268  0.57282114 0.30666667 0.51805556]
 [0.18829334 0.5705528  0.29866666 0.51666665]
 [0.17976005 0.56827134 0.288      0.5133333 ]
 [0.1710718  0.566053   0.27638888 0.51800925]
 [0.1650732  0.5689074  0.25666666 0.1563889 ]]